0	2
1	3
2	4
3	5
4	6
5	7
6	8
7	9
8	10
9	11
10	12
11	13
12	14
13	15
14	16
15	17
16	18
17	20
18	21
19	22
20	23
21	24
22	25
23	26
24	27
25	28
26	29
27	30
28	31
29	32
30	33
31	34
32	35
33	36
34	37
35	38
36	39
37	40
38	41
39	42
40	43
41	44
42	45
43	46
44	47
45	48
46	49
47	50
48	51
49	52
50	53
51	54
52	55
53	56
54	57
55	58
56	59
57	60
58	61
59	62
60	63
61	64
62	65
63	66
64	68
65	69
66	70
67	71
68	72
69	73
70	74
71	75
72	76
73	77
74	78
75	79
76	80
77	81
78	82
79	83
80	84
81	85
82	86
83	87
84	88
85	89
86	90
87	91
88	92
89	94
90	95
91	96
92	97
93	98
94	99
95	100
96	101
97	102
98	103
99	104
100	105
101	106
102	107
103	108
104	109
105	110
106	111
107	113
108	114
109	115
110	116
111	117
112	118
113	119
114	120
115	121
116	122
117	123
118	124
119	125
120	126
121	127
122	128
123	129
124	130
125	131
126	132
127	133
128	134
129	135
130	136
131	137
132	139
133	140
134	141
135	142
136	143
137	144
138	145
139	146
140	147
141	148
142	149
143	150
144	151
145	152
146	153
147	154
148	155
149	156
150	157
151	158
152	159
153	161
154	162
155	163
156	164
157	166
158	168
159	170
160	171
161	172
162	173
163	174
164	175
165	176
166	177
167	178
168	179
169	180
170	181
171	182
172	183
173	184
174	185
175	186
176	187
177	189
178	190
179	191
180	192
181	193
182	194
183	195
184	196
185	198
186	200
187	201
188	202
189	203
190	204
191	205
192	206
193	207
194	208
195	209
196	210
197	211
198	212
199	213
200	214
201	215
202	216
203	217
204	218
205	219
206	220
207	223
208	224
209	225
210	226
211	227
212	228
213	229
214	230
215	231
216	232
217	233
218	234
219	235
220	236
221	237
222	238
223	240
224	241
225	242
226	243
227	244
228	247
229	248
230	249
231	250
232	251
233	252
234	253
235	254
236	255
237	256
238	257
239	258
240	260
241	261
242	262
243	263
244	264
245	265
246	266
247	267
248	268
249	269
250	270
251	271
252	273
253	274
254	275
255	277
256	278
257	279
258	280
259	281
260	282
261	283
262	284
263	285
264	286
265	288
266	289
267	290
268	291
269	292
270	293
271	294
272	295
273	296
274	297
275	298
276	299
277	300
278	301
279	302
280	303
281	304
282	305
283	306
284	307
285	308
286	310
287	311
288	312
289	313
290	314
291	315
292	316
293	317
294	318
295	319
296	320
297	321
298	322
299	324
300	325
301	326
302	327
303	328
304	329
305	330
306	331
307	332
308	333
309	334
310	335
311	336
312	337
313	338
314	339
315	340
316	341
317	342
318	343
319	344
320	345
321	346
322	347
323	348
324	349
325	350
326	351
327	352
328	353
329	354
330	355
331	356
332	357
333	358
334	359
335	360
336	361
337	362
338	363
339	364
340	365
341	366
342	367
343	368
344	369
345	370
346	371
347	372
348	374
349	375
350	376
351	377
352	378
353	380
354	382
355	383
356	385
357	386
358	387
359	388
360	390
361	391
362	392
363	393
364	394
365	395
366	396
367	397
368	398
369	399
370	400
371	401
372	402
373	403
374	404
375	405
376	406
377	407
378	408
379	409
380	410
381	411
382	412
383	413
384	414
385	415
386	416
387	417
388	418
389	419
390	420
391	421
392	423
393	424
394	425
395	426
396	427
397	428
398	430
399	431
400	432
401	433
402	434
403	435
404	436
405	437
406	438
407	439
408	440
409	441
410	442
411	443
412	444
413	446
414	447
415	449
416	450
417	451
418	452
419	453
420	454
421	455
422	456
423	457
424	458
425	459
426	460
427	461
428	462
429	463
430	464
431	465
432	466
433	467
434	468
435	469
436	470
437	471
438	472
439	473
440	474
441	475
442	476
443	477
444	478
445	479
446	480
447	481
448	482
449	484
450	485
451	486
452	487
453	488
454	489
455	490
456	491
457	492
458	493
459	494
460	495
461	496
462	497
463	498
464	499
465	500
466	501
467	502
468	503
469	504
470	506
471	507
472	508
473	509
474	510
475	511
476	512
477	513
478	514
479	515
480	516
481	517
482	518
483	519
484	520
485	521
486	523
487	525
488	526
489	527
490	529
491	530
492	531
493	532
494	533
495	534
496	535
497	536
498	537
499	538
500	539
501	540
502	541
503	543
504	544
505	545
506	546
507	547
508	548
509	549
510	550
511	551
512	552
513	553
514	555
515	556
516	557
517	558
518	559
519	560
520	561
521	562
522	563
523	565
524	566
525	567
526	568
527	569
528	570
529	571
530	572
531	573
532	574
533	575
534	576
535	577
536	578
537	579
538	580
539	581
540	582
541	583
542	584
543	585
544	586
545	587
546	589
547	590
548	592
549	593
550	594
551	595
552	596
553	598
554	601
555	602
556	603
557	604
558	605
559	606
560	607
561	608
562	609
563	611
564	612
565	613
566	614
567	616
568	617
569	618
570	619
571	620
572	621
573	622
574	623
575	624
576	625
577	627
578	628
579	629
580	631
581	632
582	633
583	634
584	635
585	636
586	637
587	638
588	639
589	640
590	641
591	642
592	643
593	644
594	645
595	646
596	647
597	649
598	650
599	651
600	652
601	654
602	655
603	656
604	657
605	658
606	659
607	660
608	661
609	662
610	663
611	664
612	665
613	666
614	667
615	668
616	669
617	670
618	671
619	672
620	673
621	674
622	675
623	676
624	677
625	678
626	679
627	680
628	681
629	682
630	683
631	684
632	685
633	686
634	687
635	688
636	689
637	690
638	691
639	692
640	693
641	694
642	695
643	696
644	697
645	698
646	699
647	700
648	702
649	703
650	704
651	705
652	706
653	707
654	708
655	709
656	710
657	711
658	712
659	713
660	714
661	715
662	716
663	717
664	718
665	719
666	720
667	721
668	722
669	723
670	725
671	726
672	727
673	728
674	729
675	730
676	731
677	732
678	733
679	734
680	735
681	736
682	737
683	738
684	739
685	741
686	742
687	743
688	744
689	746
690	747
691	749
692	750
693	751
694	752
695	753
696	754
697	756
698	757
699	758
700	759
701	760
702	761
703	762
704	763
705	764
706	765
707	767
708	768
709	769
710	770
711	771
712	772
713	773
714	776
715	777
716	778
717	779
718	780
719	781
720	782
721	784
722	785
723	786
724	787
725	788
726	789
727	790
728	791
729	792
730	793
731	794
732	795
733	798
734	799
735	800
736	801
737	802
738	804
739	805
740	806
741	807
742	808
743	809
744	810
745	812
746	813
747	814
748	815
749	816
750	817
751	818
752	819
753	820
754	821
755	822
756	823
757	824
758	825
759	826
760	827
761	828
762	829
763	830
764	831
765	832
766	834
767	835
768	836
769	837
770	838
771	839
772	840
773	841
774	842
775	843
776	844
777	845
778	846
779	847
780	848
781	849
782	850
783	851
784	852
785	853
786	854
787	855
788	856
789	858
790	859
791	860
792	861
793	862
794	863
795	864
796	865
797	868
798	869
799	870
800	871
801	873
802	874
803	875
804	876
805	877
806	878
807	881
808	882
809	884
810	885
811	886
812	887
813	888
814	889
815	890
816	891
817	893
818	895
819	896
820	897
821	898
822	899
823	900
824	903
825	904
826	905
827	906
828	907
829	908
830	909
831	910
832	911
833	912
834	913
835	914
836	915
837	916
838	917
839	919
840	920
841	921
842	922
843	924
844	925
845	926
846	927
847	928
848	929
849	930
850	931
851	932
852	933
853	934
854	935
855	936
856	938
857	939
858	940
859	941
860	942
861	943
862	946
863	948
864	949
865	950
866	951
867	952
868	953
869	954
870	955
871	957
872	958
873	959
874	960
875	961
876	962
877	963
878	964
879	965
880	966
881	967
882	968
883	969
884	971
885	972
886	975
887	976
888	977
889	978
890	979
891	980
892	981
893	982
894	984
895	985
896	986
897	987
898	989
899	990
900	991
901	993
902	994
903	995
904	996
905	997
906	998
907	999
908	1001
909	1002
910	1003
911	1004
912	1005
913	1006
914	1007
915	1008
916	1009
917	1010
918	1011
919	1012
920	1014
921	1015
922	1016
923	1017
924	1018
925	1019
926	1020
927	1021
928	1022
929	1023
930	1024
931	1025
932	1026
933	1027
934	1028
935	1029
936	1030
937	1032
938	1033
939	1034
940	1035
941	1036
942	1037
943	1038
944	1039
945	1040
946	1041
947	1042
948	1044
949	1046
950	1047
951	1049
952	1050
953	1051
954	1052
955	1053
956	1054
957	1055
958	1056
959	1057
960	1058
961	1060
962	1061
963	1062
964	1063
965	1064
966	1065
967	1067
968	1068
969	1069
970	1070
971	1071
972	1072
973	1073
974	1074
975	1075
976	1076
977	1078
978	1079
979	1080
980	1081
981	1082
982	1083
983	1084
984	1085
985	1086
986	1087
987	1088
988	1089
989	1090
990	1091
991	1092
992	1093
993	1094
994	1097
995	1098
996	1099
997	1100
998	1101
999	1102
1000	1103
1001	1104
1002	1106
1003	1107
1004	1108
1005	1109
1006	1110
1007	1111
1008	1112
1009	1113
1010	1114
1011	1116
1012	1118
1013	1119
1014	1120
1015	1121
1016	1122
1017	1123
1018	1124
1019	1125
1020	1126
1021	1128
1022	1130
1023	1131
1024	1132
1025	1133
1026	1134
1027	1135
1028	1136
1029	1137
1030	1138
1031	1139
1032	1140
1033	1143
1034	1144
1035	1145
1036	1146
1037	1147
1038	1148
1039	1149
1040	1150
1041	1151
1042	1152
1043	1153
1044	1154
1045	1155
1046	1156
1047	1157
1048	1158
1049	1159
1050	1160
1051	1161
1052	1163
1053	1164
1054	1165
1055	1166
1056	1167
1057	1170
1058	1171
1059	1172
1060	1173
1061	1174
1062	1176
1063	1177
1064	1178
1065	1179
1066	1180
1067	1181
1068	1182
1069	1183
1070	1184
1071	1185
1072	1186
1073	1187
1074	1188
1075	1189
1076	1190
1077	1191
1078	1192
1079	1193
1080	1194
1081	1195
1082	1196
1083	1197
1084	1198
1085	1199
1086	1200
1087	1202
1088	1204
1089	1206
1090	1207
1091	1209
1092	1210
1093	1211
1094	1212
1095	1213
1096	1214
1097	1215
1098	1216
1099	1217
1100	1219
1101	1220
1102	1221
1103	1222
1104	1223
1105	1224
1106	1225
1107	1226
1108	1228
1109	1229
1110	1230
1111	1231
1112	1232
1113	1233
1114	1234
1115	1235
1116	1236
1117	1237
1118	1238
1119	1239
1120	1240
1121	1242
1122	1243
1123	1244
1124	1245
1125	1246
1126	1247
1127	1248
1128	1249
1129	1253
1130	1254
1131	1255
1132	1256
1133	1258
1134	1259
1135	1261
1136	1262
1137	1263
1138	1264
1139	1265
1140	1267
1141	1270
1142	1271
1143	1272
1144	1273
1145	1274
1146	1275
1147	1276
1148	1277
1149	1278
1150	1279
1151	1280
1152	1281
1153	1282
1154	1283
1155	1284
1156	1286
1157	1287
1158	1288
1159	1289
1160	1290
1161	1291
1162	1292
1163	1293
1164	1294
1165	1295
1166	1296
1167	1298
1168	1299
1169	1300
1170	1301
1171	1302
1172	1303
1173	1304
1174	1305
1175	1308
1176	1309
1177	1310
1178	1311
1179	1312
1180	1313
1181	1315
1182	1316
1183	1318
1184	1319
1185	1321
1186	1322
1187	1323
1188	1324
1189	1325
1190	1327
1191	1329
1192	1330
1193	1331
1194	1332
1195	1333
1196	1334
1197	1335
1198	1336
1199	1337
1200	1339
1201	1340
1202	1342
1203	1343
1204	1345
1205	1346
1206	1347
1207	1348
1208	1349
1209	1350
1210	1351
1211	1352
1212	1353
1213	1354
1214	1355
1215	1356
1216	1357
1217	1358
1218	1360
1219	1362
1220	1363
1221	1364
1222	1365
1223	1366
1224	1367
1225	1368
1226	1369
1227	1371
1228	1372
1229	1373
1230	1374
1231	1375
1232	1376
1233	1377
1234	1378
1235	1379
1236	1380
1237	1381
1238	1382
1239	1383
1240	1384
1241	1385
1242	1386
1243	1387
1244	1388
1245	1389
1246	1390
1247	1393
1248	1394
1249	1395
1250	1396
1251	1397
1252	1398
1253	1399
1254	1401
1255	1402
1256	1403
1257	1404
1258	1405
1259	1406
1260	1407
1261	1408
1262	1410
1263	1411
1264	1413
1265	1414
1266	1416
1267	1418
1268	1419
1269	1420
1270	1421
1271	1422
1272	1423
1273	1424
1274	1425
1275	1426
1276	1427
1277	1428
1278	1429
1279	1430
1280	1431
1281	1432
1282	1433
1283	1434
1284	1435
1285	1437
1286	1438
1287	1439
1288	1440
1289	1441
1290	1442
1291	1443
1292	1444
1293	1445
1294	1446
1295	1447
1296	1449
1297	1450
1298	1451
1299	1452
1300	1453
1301	1454
1302	1455
1303	1456
1304	1457
1305	1458
1306	1459
1307	1461
1308	1462
1309	1463
1310	1464
1311	1465
1312	1466
1313	1467
1314	1469
1315	1470
1316	1471
1317	1472
1318	1473
1319	1474
1320	1475
1321	1476
1322	1477
1323	1478
1324	1479
1325	1480
1326	1481
1327	1483
1328	1484
1329	1485
1330	1486
1331	1488
1332	1489
1333	1490
1334	1491
1335	1492
1336	1493
1337	1494
1338	1495
1339	1496
1340	1497
1341	1498
1342	1499
1343	1500
1344	1501
1345	1502
1346	1503
1347	1504
1348	1505
1349	1506
1350	1507
1351	1508
1352	1509
1353	1511
1354	1513
1355	1514
1356	1515
1357	1516
1358	1517
1359	1518
1360	1519
1361	1520
1362	1521
1363	1522
1364	1524
1365	1525
1366	1527
1367	1528
1368	1530
1369	1531
1370	1532
1371	1533
1372	1534
1373	1535
1374	1536
1375	1537
1376	1538
1377	1539
1378	1540
1379	1541
1380	1542
1381	1543
1382	1544
1383	1545
1384	1546
1385	1547
1386	1549
1387	1551
1388	1552
1389	1553
1390	1554
1391	1555
1392	1556
1393	1557
1394	1558
1395	1559
1396	1560
1397	1562
1398	1563
1399	1564
1400	1565
1401	1566
1402	1567
1403	1568
1404	1570
1405	1572
1406	1573
1407	1574
1408	1575
1409	1576
1410	1577
1411	1578
1412	1579
1413	1580
1414	1581
1415	1582
1416	1583
1417	1584
1418	1585
1419	1586
1420	1587
1421	1588
1422	1589
1423	1590
1424	1591
1425	1592
1426	1593
1427	1594
1428	1595
1429	1596
1430	1597
1431	1599
1432	1600
1433	1601
1434	1604
1435	1605
1436	1606
1437	1607
1438	1608
1439	1613
1440	1614
1441	1615
1442	1616
1443	1617
1444	1618
1445	1619
1446	1620
1447	1621
1448	1622
1449	1623
1450	1624
1451	1625
1452	1626
1453	1627
1454	1628
1455	1629
1456	1630
1457	1632
1458	1633
1459	1634
1460	1635
1461	1636
1462	1637
1463	1638
1464	1639
1465	1640
1466	1641
1467	1642
1468	1643
1469	1644
1470	1646
1471	1647
1472	1648
1473	1649
1474	1650
1475	1652
1476	1653
1477	1654
1478	1655
1479	1656
1480	1657
1481	1658
1482	1659
1483	1660
1484	1661
1485	1662
1486	1663
1487	1664
1488	1665
1489	1666
1490	1667
1491	1669
1492	1670
1493	1671
1494	1672
1495	1674
1496	1676
1497	1677
1498	1678
1499	1679
1500	1680
1501	1682
1502	1683
1503	1684
1504	1685
1505	1686
1506	1687
1507	1688
1508	1689
1509	1690
1510	1691
1511	1692
1512	1693
1513	1694
1514	1695
1515	1696
1516	1697
1517	1699
1518	1700
1519	1701
1520	1702
1521	1703
1522	1704
1523	1705
1524	1706
1525	1707
1526	1708
1527	1709
1528	1710
1529	1711
1530	1712
1531	1715
1532	1717
1533	1718
1534	1719
1535	1720
1536	1721
1537	1722
1538	1723
1539	1724
1540	1725
1541	1726
1542	1727
1543	1728
1544	1729
1545	1730
1546	1732
1547	1733
1548	1734
1549	1736
1550	1737
1551	1740
1552	1741
1553	1742
1554	1743
1555	1744
1556	1745
1557	1746
1558	1747
1559	1748
1560	1749
1561	1751
1562	1752
1563	1753
1564	1754
1565	1755
1566	1757
1567	1759
1568	1760
1569	1761
1570	1762
1571	1764
1572	1765
1573	1766
1574	1768
1575	1769
1576	1770
1577	1771
1578	1772
1579	1773
1580	1774
1581	1775
1582	1776
1583	1777
1584	1778
1585	1779
1586	1780
1587	1781
1588	1782
1589	1783
1590	1784
1591	1785
1592	1786
1593	1787
1594	1788
1595	1789
1596	1790
1597	1791
1598	1792
1599	1793
1600	1794
1601	1795
1602	1796
1603	1797
1604	1798
1605	1799
1606	1800
1607	1801
1608	1802
1609	1803
1610	1804
1611	1805
1612	1806
1613	1807
1614	1808
1615	1809
1616	1810
1617	1811
1618	1813
1619	1814
1620	1815
1621	1816
1622	1817
1623	1818
1624	1819
1625	1820
1626	1821
1627	1822
1628	1823
1629	1824
1630	1825
1631	1826
1632	1827
1633	1828
1634	1829
1635	1830
1636	1831
1637	1832
1638	1833
1639	1834
1640	1835
1641	1836
1642	1838
1643	1839
1644	1840
1645	1841
1646	1842
1647	1844
1648	1845
1649	1846
1650	1847
1651	1848
1652	1850
1653	1851
1654	1852
1655	1853
1656	1854
1657	1855
1658	1856
1659	1857
1660	1858
1661	1859
1662	1860
1663	1861
1664	1862
1665	1863
1666	1864
1667	1865
1668	1866
1669	1867
1670	1868
1671	1869
1672	1871
1673	1872
1674	1873
1675	1874
1676	1875
1677	1877
1678	1879
1679	1880
1680	1881
1681	1882
1682	1883
1683	1885
1684	1887
1685	1888
1686	1889
1687	1890
1688	1891
1689	1892
1690	1894
1691	1895
1692	1896
1693	1897
1694	1898
1695	1899
1696	1900
1697	1902
1698	1903
1699	1904
1700	1905
1701	1906
1702	1907
1703	1908
1704	1909
1705	1910
1706	1911
1707	1912
1708	1914
1709	1915
1710	1917
1711	1918
1712	1919
1713	1920
1714	1921
1715	1922
1716	1923
1717	1924
1718	1925
1719	1926
1720	1928
1721	1929
1722	1930
1723	1931
1724	1933
1725	1934
1726	1935
1727	1936
1728	1937
1729	1938
1730	1939
1731	1941
1732	1942
1733	1944
1734	1946
1735	1947
1736	1948
1737	1949
1738	1950
1739	1951
1740	1952
1741	1954
1742	1955
1743	1956
1744	1957
1745	1958
1746	1959
1747	1961
1748	1962
1749	1963
1750	1964
1751	1965
1752	1966
1753	1968
1754	1969
1755	1971
1756	1972
1757	1973
1758	1974
1759	1975
1760	1976
1761	1977
1762	1978
1763	1979
1764	1980
1765	1981
1766	1982
1767	1983
1768	1984
1769	1986
1770	1987
1771	1988
1772	1989
1773	1990
1774	1991
1775	1992
1776	1993
1777	1994
1778	1995
1779	1996
1780	1997
1781	1998
1782	1999
1783	2000
1784	2001
1785	2003
1786	2004
1787	2005
1788	2006
1789	2007
1790	2008
1791	2009
1792	2010
1793	2011
1794	2013
1795	2014
1796	2015
1797	2016
1798	2017
1799	2018
1800	2019
1801	2020
1802	2021
1803	2022
1804	2023
1805	2024
1806	2025
1807	2027
1808	2028
1809	2029
1810	2030
1811	2031
1812	2032
1813	2033
1814	2034
1815	2035
1816	2036
1817	2037
1818	2038
1819	2039
1820	2040
1821	2041
1822	2042
1823	2043
1824	2044
1825	2045
1826	2046
1827	2047
1828	2048
1829	2051
1830	2052
1831	2053
1832	2054
1833	2055
1834	2056
1835	2057
1836	2058
1837	2059
1838	2060
1839	2061
1840	2062
1841	2064
1842	2065
1843	2066
1844	2067
1845	2068
1846	2069
1847	2070
1848	2071
1849	2072
1850	2075
1851	2076
1852	2077
1853	2078
1854	2079
1855	2080
1856	2081
1857	2083
1858	2084
1859	2086
1860	2087
1861	2088
1862	2090
1863	2091
1864	2092
1865	2093
1866	2094
1867	2095
1868	2096
1869	2097
1870	2099
1871	2100
